(120,60,1)(160,60,1)(200,60,1)(240,60,1)(400,60,1)(440,60,1)(480,60,1)(520,60,1)
(120,120,1)(160,120,1)(200,120,1)(240,120,1)(400,120,1)(440,120,1)(480,120,1)(520,120,1)
(120,180,1)(160,180,1)(200,180,1)(240,180,1)(400,180,1)(440,180,1)(480,180,1)(520,180,1)

(120,360,1)(160,360,1)(200,360,1)(240,360,1)(400,360,1)(440,360,1)(480,360,1)(520,360,1)
(120,420,1)(160,420,1)(200,420,1)(240,420,1)(400,420,1)(440,420,1)(480,420,1)(520,420,1)
(120,480,1)(160,480,1)(200,480,1)(240,480,1)(400,480,1)(440,480,1)(480,480,1)(520,480,1)


(140,90,2)(180,90,2)(220,90,2)(420,90,2)(460,90,2)(500,90,2)
(140,150,2)(180,150,2)(220,150,2)(420,150,2)(460,150,2)(500,150,2)

(140,390,2)(180,390,2)(220,390,2)(420,390,2)(460,390,2)(500,390,2)
(140,450,2)(180,450,2)(220,450,2)(420,450,2)(460,450,2)(500,450,2)


(140,90,3)(180,90,3)(220,90,3)(260,90,3)(300,90,3)(340,90,3)(380,90,3)(420,90,3)(460,90,3)(500,90,3)
(140,150,3)(180,150,3)(460,150,3)(500,150,3)

(140,390,3)(180,390,3)(460,390,3)(500,390,3)
(140,450,3)(180,450,3)(220,450,3)(260,450,3)(300,450,3)(340,450,3)(380,450,3)(420,450,3)(460,450,3)(500,450,3)


(140,90,4)(180,90,4)(460,90,4)(500,90,4)
(140,150,4)(180,150,4)(460,150,4)(500,150,4)

(140,390,4)(180,390,4)(460,390,4)(500,390,4)
(140,450,4)(180,450,4)(460,450,4)(500,450,4)


(160,120,5)(480,120,5)
(160,420,5)(480,420,5)